544,  -792, 18228,25.94,  -757,   217,  -180
   552,  -776, 18244,25.89,  -775,   214,  -175
   504,  -808, 18264,25.89,  -756,   301,  -205
   392,  -836, 18156,25.99,  -769,   276,  -192
   508,  -756, 18320,25.94,  -752,   251,  -197
   328,  -900, 18180,25.94,  -753,   243,  -201
   292,  -948, 18136,25.89,  -760,   195,  -204
   392,  -872, 18332,25.89,  -754,   250,  -202
   444,  -768, 18280,25.94,  -753,   182,  -183
   400,  -736, 18216,25.94,  -767,   362,  -200
   396,  -824, 18284,25.89,  -749,   223,  -194
   412,  -808, 18200,25.94,  -758,    68,  -201
   308,  -972, 18132,25.85,  -767,   -77,  -213
   484,  -888, 18236,25.94,  -755,   166,  -184
   368,  -892, 18308,25.89,  -743,   183,  -190
   388,  -820, 18176,25.85,  -733,   157,  -202
   428,  -884, 18252,26.04,  -753,   218,  -186
   364,  -800, 18176,25.89,  -764,   239,  -191
   424,  -948, 18208,25.89,  -776,   292,  -185
   352,  -764, 18088,25.85,  -759,   258,  -209
   324,  -848, 18092,25.94,  -745,   123,  -196
   272,  -808, 18148,25.89,  -752,    66,  -185
   420,  -736, 18180,25.89,  -755,    75,  -198
   356,  -812, 18200,26.04,  -751,   106,  -207
   260,  -836, 18220,25.94,  -758,   183,  -209
   340,  -792, 18192,26.08,  -742,   174,  -210
   324,  -844, 18220,25.99,  -755,   160,  -194
   316,  -888, 18332,25.94,  -756,   150,  -198
   364,  -900, 18104,25.94,  -753,   173,  -195
   352,  -836, 18204,25.99,  -767,   178,  -186
   332,  -796, 18332,26.04,  -749,   161,  -188
   260,  -772, 18232,25.94,  -763,   150,  -198
   368,  -840, 18204,25.94,  -751,   163,  -200
   352,  -840, 18228,25.99,  -742,   162,  -174
   284,  -792, 18144,25.94,  -768,   111,  -183
   332,  -924, 18204,25.85,  -759,   174,  -196
   380,  -784, 18200,25.89,  -768,   160,  -194
   296,  -820, 18244,25.94,  -755,   133,  -199
   412,  -856, 18124,25.94,  -757,   142,  -188
   320,  -776, 18324,25.89,  -750,   150,  -191
   260,  -840, 18276,25.99,  -757,   167,  -193
   272,  -816, 18264,25.94,  -748,   158,  -182
   216,  -900, 18144,25.94,  -759,   145,  -202
   352,  -776, 18260,25.80,  -756,   146,  -217
   288,  -792, 18264,25.99,  -754,   155,  -208
   312,  -916, 18160,25.94,  -745,   157,  -199
   364,  -832, 18204,25.94,  -743,   148,  -205
   248,  -804, 17972,25.89,  -776,   156,  -179
   356,  -808, 18232,25.94,  -752,   144,  -184
   392,  -848, 18192,25.94,  -749,   153,  -194
   324,  -848, 18196,26.08,  -764,   164,  -190
   312,  -744, 18276,25.99,  -746,   155,  -201
   260,  -868, 18216,25.94,  -744,   167,  -199
   300,  -860, 18328,25.99,  -752,   162,  -209
   348,  -960, 18280,25.99,  -768,   161,  -218
   236,  -932, 18104,26.04,  -755,   161,  -199
   300,  -728, 18148,25.94,  -736,   169,  -182
   292,  -756, 18120,25.89,  -758,   144,  -200
   248,  -884, 18188,26.04,  -738,   144,  -194
   376,  -948, 18184,25.94,  -752,   144,  -207
   364,  -904, 18232,25.89,  -749,   140,  -170
   300,  -804, 18348,25.85,  -742,   158,  -201
   336,  -812, 18252,26.04,  -765,   170,  -199
   304,  -888, 18240,25.89,  -745,   190,  -202
   300,  -880, 18228,25.89,  -742,   159,  -184
   308,  -796, 18324,25.94,  -742,   157,  -195
   320,  -828, 18328,25.94,  -743,   171,  -214
   284,  -808, 18224,25.89,  -747,   143,  -192
   324,  -816, 18336,25.94,  -738,   169,  -196
   304,  -884, 18296,25.89,  -753,   147,  -198
   328,  -904, 18340,25.94,  -748,   146,  -219
   300,  -848, 18208,25.94,  -736,   141,  -203
   288,  -760, 18244,25.99,  -764,   153,  -192
   340,  -828, 18216,25.94,  -748,   153,  -178
   280,  -908, 18244,25.94,  -764,   158,  -199
   300,  -836, 18168,25.89,  -753,   171,  -193
   268,  -892, 18256,25.94,  -743,   168,  -184
   252,  -840, 18280,25.94,  -722,   151,  -206
   316,  -928, 18200,25.99,  -736,   143,  -179
   460,  -816, 18180,25.94,  -743,   146,  -200
   280,  -780, 18264,25.94,  -752,   154,  -212
   200,  -916, 18288,25.89,  -741,   172,  -194
   276,  -836, 18276,25.94,  -741,   136,  -201
   268,  -740, 18168,25.94,  -753,   147,  -176
   332,  -896, 18080,25.94,  -749,   163,  -189
   348,  -872, 18236,25.89,  -732,   132,  -185
   252,  -956, 18172,26.04,  -745,   154,  -205
   336,  -888, 18200,25.94,  -762,   177,  -201
   240,  -792, 18200,25.99,  -741,   162,  -181
   252,  -856, 18232,25.94,  -746,   149,  -201
   352,  -852, 18164,26.04,  -743,   155,  -209
   332,  -860, 18076,25.89,  -766,   155,  -201
   264,  -780, 18136,25.99,  -740,   137,  -203
   540,  -928, 18268,25.94,  -704,   189,  -187
   172,  -732, 18296,25.85,  -770,   143,  -187
   304,  -832, 18232,25.99,  -747,   182,  -195
   388,  -836, 18220,25.99,  -745,   163,  -181
   316,  -896, 18244,25.94,  -760,   157,  -203
   384,  -820, 18352,26.04,  -740,   144,  -184
   304,  -828, 18404,25.89,  -760,   164,  -203
   360,  -824, 18236,25.99,  -748,   140,  -192
   412,  -888, 18216,25.94,  -772,   148,  -194
   360,  -784, 18196,25.89,  -748,   170,  -186
   224,  -848, 18068,25.80,  -757,   149,  -182
   364,  -836, 18268,25.94,  -761,   153,  -204
   360,  -856, 18212,25.94,  -740,   163,  -202
   308,  -952, 18300,25.89,  -746,   161,  -188
   348,  -816, 18144,25.94,  -753,   163,  -199
   296,  -856, 18124,26.04,  -753,   174,  -199
   288,  -852, 18200,25.94,  -750,   141,  -192
   248,  -824, 18232,26.08,  -755,   148,  -186
   344,  -824, 18312,26.04,  -770,   149,  -208
   368,  -876, 18228,26.04,  -759,   155,  -188
   200,  -768, 18328,25.89,  -753,   151,  -189
   300,  -776, 18480,25.94,  -773,   154,  -204
   404,  -952, 18152,25.94,  -759,   137,  -194
   352,  -896, 18260,25.99,  -761,   170,  -182
   280,  -856, 18216,25.99,  -760,   185,  -198
   204,  -904, 18164,25.94,  -760,   176,  -202
   232,  -840, 18296,25.94,  -747,   171,  -185
   236,  -744, 18284,25.89,  -771,   142,  -194
   344,  -832, 18296,25.94,  -734,   158,  -164
   316,  -920, 18332,26.04,  -759,   178,  -199
   216,  -872, 18116,25.99,  -742,   191,  -172
   124,  -864, 18324,25.89,  -788,   257,  -182
   272,  -688, 18200,25.85,  -778,   437,  -205
   392,  -852, 18424,25.94,  -741,   254,  -193

